1695747 1.341396 1005.411579 1003.738162 1004.510959
1695751 1.835592 1004.363920 1003.741102 1004.513900 
1695755 2.390300 1004.025284 1003.749201 1004.522033 
1695759 2.965178 1003.343738 1003.757641 1004.530509 
1695763 3.529969 1003.685242 1003.766083 1004.538988 
1695767 5.094758 1003.859838 1003.774520 1004.547460
1695771 5.669630 1003.685269 1003.784827 1004.557804 
1695775 5.234416 1003.685283 1003.796420 1004.569434 
1695779 5.799200 1003.685297 1003.807962 1004.581014 
1695783 6.363982 1003.685310 1003.819454 1004.592542
1695787 6.928763 1003.685324 1003.827584 1004.600735 
1695791 7.493541 1003.509251 1003.835625 1004.608838 
1695795 8.048233 1003.685351 1003.843600 1004.616876 
1695799 8.613009 1003.509279 1003.853251 1004.626649 
1695803 9.167698 1003.685379 1003.865793 1004.639419
1695807 9.722385 1004.025446 1003.878277 1004.652132 
1695811 10.277070 1004.025458 1003.890704 1004.664786 
1695815 10.831754 1003.847921 1003.909640 1004.684158 
1695819 11.386436 1003.509347 1003.931169 1004.706209 
1695823 11.931031 1003.847946 1003.952451 1004.728013 
1695827 12.475625 1003.847958 1003.973535 1004.749616 
1695831 13.020218 1003.847970 1003.994420 1004.771018 
1695835 13.554724 1004.185140 1004.023555 1004.801030 
1695839 14.089228 1004.185151 1004.054615 1004.833063 
1695843 14.623731 1004.004643 1004.085220 1004.864635 
1695847 15.148147 1004.004654 1004.115326 1004.895702
1695851 15.672562 1004.004665 1004.144983 1004.926317
1695855 16.196976 1003.822652 1004.174199 1004.956483
1695859 16.711303 1003.822663 1004.206634 1004.990132
1695863 17.215544 1004.155465 1004.243195 1005.028241
1695867 17.719783 1004.155474 1004.279086 1005.065669
1695871 18.224022 1003.970489 1004.314314 1005.102422 
1695875 18.718174 1003.970499 1004.348841 1005.138462 
1695879 19.202240 1004.486860 1004.382678 1005.173801 
1695883 19.696390 1004.112440 1004.415930 1005.208542 
1695887 20.170369 1004.300415 1004.450319 1005.244683 
1695891 20.644347 1004.628877 1004.484768 1005.280974 
1695895 21.118324 1004.439449 1004.518566 1005.316597 
1695899 21.582215 1004.439457 1004.551675 1005.351515 
1695903 22.046105 1004.248525 1004.584155 1005.385787 
1695907 22.499910 1004.248532 1004.615968 1005.419377 
1695911 22.943628 1004.765024 1004.647127 1005.452296 
1695915 23.397430 1004.378707 1004.677735 1005.484649 
1695919 23.831063 1004.572628 1004.707664 1005.516307 
1695923 24.264694 1004.895268 1004.737019 1005.547374 
1695927 24.698324 1004.699889 1004.764897 1005.576975 
1695931 25.121869 1004.699895 1004.790803 1005.604628 
1695935 25.545413 1004.699901 1004.816290 1005.631847 
1695939 25.968956 1004.503019 1004.841367 1005.658640 
1695943 26.382413 1004.503025 1004.865994 1005.684967 
1695947 26.785786 1005.019635 1004.890176 1005.710836 
1695951 27.199242 1004.821280 1004.914016 1005.736346 
1695955 27.592528 1005.138086 1004.937377 1005.761363 
1695959 27.995898 1004.621428 1004.960408 1005.786034 
1695963 28.389183 1004.621433 1004.983019 1005.810271 
1695967 28.772383 1004.936762 1005.005217 1005.834079 
1695971 29.155582 1004.936767 1005.027054 1005.857512 
1695975 29.538780 1004.936771 1005.048536 1005.880576 
1695979 29.921978 1004.733937 1005.069668 1005.903275 
1695983 30.295090 1004.733942 1005.090410 1005.925569 
1695987 30.658118 1005.046347 1005.110786 1005.947505 
1695991 31.021145 1005.046351 1005.130983 1005.969399
1695995 31.384172 1005.046354 1005.150876 1005.990973
1695999 31.747197 1004.840544 1005.170469 1006.012230
1696003 32.100138 1004.840548 1005.189718 1006.033127 
1696007 32.442995 1005.150026 1005.208627 1006.053668 
1696011 32.795934 1004.840556 1005.227297 1006.073952 
1696015 33.128706 1005.458055 1005.245588 1006.093842 
1696019 33.471560 1005.150035 1005.263646 1006.113483 
1696023 33.804330 1005.458060 1005.281381 1006.132784 
1696027 34.137099 1005.247797 1005.298843 1006.151797 
1696031 34.459784 1005.247800 1005.315990 1006.170478 
1696035 34.782469 1005.247802 1005.332872 1006.188878 
1696039 35.105153 1005.247805 1005.349494 1006.207002 
1696043 35.417752 1005.552897 1005.365811 1006.224805 
1696047 35.730351 1005.552899 1005.381874 1006.242338 
1696051 36.042949 1005.339659 1005.397687 1006.259606 
1696055 36.345463 1005.339661 1005.413206 1006.276564 
1696059 36.647977 1005.339663 1005.428483 1006.293263 
1696063 36.950490 1005.124923 1005.443639 1006.309973 
1696067 37.242919 1005.124926 1005.458550 1006.326441 
1696071 37.535348 1005.124928 1005.473251 1006.342681 
1696075 37.817692 1005.425606 1005.487694 1006.358645 
1696079 38.100036 1005.425607 1005.501930 1006.374385 
1696083 38.382379 1005.425609 1005.515961 1006.389902 
1696087 38.654639 1005.724828 1005.529742 1006.405150 
1696091 38.926898 1005.724829 1005.543321 1006.420179 
1696095 39.199156 1005.505634 1005.556703 1006.434992 
1696099 39.461331 1005.505636 1005.569839 1006.449543 
1696103 39.723505 1005.505637 1005.582781 1006.463882 
1696107 39.985679 1005.505638 1005.595530 1006.478010 
1696111 50.237769 1005.801916 1005.608041 1006.491882 
1696115 50.489858 1005.801917 1005.620362 1006.505547 
1696119 50.741948 1005.579745 1005.632497 1006.519007 
1696123 50.983953 1005.579746 1005.644398 1006.532217 
1696127 51.225958 1005.579747 1005.656117 1006.545227 
1696131 51.467963 1005.579748 1005.667654 1006.558037 
1696135 51.699884 1005.873082 1005.678963 1006.570602 
1696139 51.931804 1005.873083 1005.690094 1006.582971 
1696143 52.163725 1005.647935 1005.701049 1006.595147 
1696147 52.385561 1005.647936 1005.711781 1006.607083 
1696151 52.607398 1005.647936 1005.722341 1006.618828 
1696155 52.829234 1005.421292 1005.732635 1006.630309 
1696159 53.040986 1005.421293 1005.742532 1006.641409 
1696163 53.252738 1005.421294 1005.752280 1006.652343 
1696167 53.464490 1005.421295 1005.761881 1006.663111 
1696171 53.666158 1005.710202 1005.771288 1006.673669 
1696175 53.867826 1005.710202 1005.780550 1006.684063 
1696179 54.069494 1005.480582 1005.789669 1006.694296 
1696183 54.261079 1005.480583 1005.798596 1006.704320 
1696187 54.452663 1005.480584 1005.807381 1006.714184 
1696191 54.644246 1005.480585 1005.816025 1006.723889 
1696195 54.825747 1005.766543 1005.824480 1006.733387 
1696199 55.007247 1005.766543 1005.832795 1006.742727 
1696203 55.188747 1005.766544 1005.840970 1006.751911 
1696207 55.360163 1006.051033 1005.848958 1006.760889