670783 1.079169 15.451266 1121 9.006406 
670785 1.200197 15.451262 1133 9.006418
670787 1.351481 15.451259 1148 9.006434 
670789 1.522937 15.451255 1165 9.006452
670791 1.714564 15.451225 1184 9.006466
670793 1.906191 15.450707 1203 9.006369 
670795 2.107904 15.450162 1223 9.006268 
670797 2.319701 15.449602 1244 9.006164 
670799 2.531499 15.449031 1265 9.006058 
670801 2.743296 15.448454 1286 9.005950
670803 2.955093 15.447873 1307 9.005842
670805 3.166889 15.447290 1328 9.005733 
670807 3.378686 15.446706 1349 9.005624
670809 3.590482 15.446121 1370 9.005515 
670811 3.802278 15.445536 1391 9.005405 
670813 4.024159 15.444951 1413 9.005297
670815 4.235955 15.444366 1434 9.005188 
670817 4.447750 15.443495 1455 9.005017
670819 4.659545 15.442562 1476 9.004833
670821 4.871340 15.441630 1497 9.004649
670823 5.083134 15.440698 1518 9.004465
670825 5.294929 15.439767 1539 9.004281
670827 5.506723 15.438836 1560 9.004098
670829 5.718517 15.437906 1581 9.003914 
670831 5.940396 15.436976 1603 9.003732
670833 6.152189 15.436047 1624 9.003549 
670835 6.363982 15.434776 1645 9.003294 
670837 6.575775 15.432504 1666 9.002829 
670839 6.787568 15.430233 1687 9.002364 
670841 6.999360 15.427963 1708 9.001899 
670843 7.211152 15.425695 1729 9.001435
670845 7.422944 15.423428 1750 9.000971 
670847 7.634736 15.421163 1771 9.000507 
670849 7.846527 15.418899 1792 9.000044 
670851 8.058319 15.416636 1813 8.999581 
670853 8.270110 15.414375 1834 8.999118 
670855 8.481900 15.400994 1855 8.996390 
670857 8.683606 15.381478 1875 8.992410 
670859 8.895396 15.361986 1896 8.988438 
670861 9.107186 15.342523 1917 8.984471 
670863 9.318976 15.323089 1938 8.980512
670865 9.530766 15.303686 1959 8.976559
670867 9.732470 15.284314 1979 8.972612 
670869 9.944259 15.264974 2000 8.968673
670871 10.156048 15.245665 2021 8.964741 
670873 10.357751 15.226389 2041 8.960815
670875 10.569540 15.098736 2062 8.936278 
670877 10.771243 14.965327 2082 8.910658 
670879 10.972946 14.832964 2102 8.885251 
670881 11.174648 14.701752 2122 8.860077 
670883 11.376351 14.571755 2142 8.835148 
670885 11.578053 14.443008 2162 8.810470 
670887 11.769670 14.315530 2181 8.786047 
670889 11.961287 14.189331 2200 8.761880 
670891 12.152903 14.064409 2219 8.737969 
670893 12.344520 13.940763 2238 8.714314 
670895 12.536136 13.818387 2257 8.690913 
670897 12.717667 13.697275 2275 8.667763 
670899 12.909282 13.577418 2294 8.644865 
670901 13.090813 13.462867 2312 8.623572 
670903 13.262258 13.364016 2329 8.607350 
670905 13.443788 13.266157 2347 8.591287 
670907 13.625319 13.169275 2365 8.575379 
670909 13.796763 13.073355 2382 8.559623 
670911 13.968208 12.978390 2399 8.544019 
670913 14.139653 12.884368 2416 8.528566 
670915 14.311097 12.791281 2433 8.513262 
670917 14.482541 12.699124 2450 8.498106 
670919 14.643901 12.607889 2466 8.483098 
670921 14.805260 12.517571 2482 8.468235 
670923 14.976703 12.428162 2499 8.453520 
670925 15.138062 12.339657 2515 8.438949 
670927 15.289336 12.252052 2530 8.424521
670929 15.450694 12.165341 2546 8.410238 
670931 15.612053 12.079517 2562 8.396098 
670933 15.763326 11.994575 2577 8.382098 
670935 15.914599 11.910511 2592 8.368240 
670937 16.065872 11.827318 2607 8.354523 
670939 16.217145 11.744993 2622 8.340946 
670941 16.368418 11.663528 2637 8.327508 
670943 16.509606 11.591744 2651 8.316988 
670945 16.660879 11.521174 2666 8.306718 
670947 16.802066 11.451336 2680 8.296548 
670949 16.943254 11.382223 2694 8.286476 
670951 17.084441 11.313829 2708 8.276502 
670953 17.225629 11.246148 2722 8.266627 
670955 17.366816 11.179176 2736 8.256848 
670957 17.497918 11.112908 2749 8.247165 
670959 17.629020 11.047341 2762 8.237579 
670961 17.770207 10.982470 2776 8.228090 
670963 17.901309 10.918292 2789 8.218696 
670965 18.032411 10.854803 2802 8.209397 
670967 18.163513 10.792001 2815 8.200193 
670969 18.284530 10.729882 2827 8.191083 
670971 18.415632 10.668442 2840 8.182069 
670973 18.536649 10.607679 2852 8.173148 
670975 18.657666 10.547589 2864 8.164321 
670977 18.788767 10.488169 2877 8.155589 
670979 18.909784 10.429415 2889 8.146950 
670981 19.020716 10.371327 2900 8.138403 
670983 19.141732 10.313901 2912 8.129949 
670985 19.262749 10.257132 2924 8.121589 
670987 19.373680 10.201018 2935 8.113320 
670989 19.484612 10.145558 2946 8.105143 
670991 19.605628 10.090747 2958 8.097059 
670993 19.716560 10.038999 2969 8.089609 
670995 19.827491 10.000886 2980 8.085172 
670997 19.928338 9.963201 2990 8.080780 
670999 20.039269 9.925933 3001 8.076434 
671001 20.150200 9.889070 3012 8.072131 
671003 20.251047 9.852605 3022 8.067870 
671005 20.351893 9.816533 3032 8.063650 
671007 20.462824 9.780847 3043 8.059474 
671009 20.563670 9.745543 3053 8.055338 
671011 20.664517 9.710619 3063 8.051242 
671013 20.765363 9.676071 3073 8.047188 
671015 20.866209 9.641896 3083 8.043174 
671017 20.956971 9.608094 3092 8.039199 
671019 21.057817 9.574661 3102 8.035266 
671021 21.148578 9.541596 3111 8.031372 
671023 21.249424 9.508898 3121 8.027519 
671025 21.340185 9.476564 3130 8.023705 
671027 21.430947 9.444595 3139 8.019932 
671029 21.521708 9.412988 3148 8.016198 
671031 21.612469 9.381743 3157 8.012505 
671033 21.703230 9.350859 3166 8.008851 
671035 21.793991 9.320334 3175 8.005237 
671037 21.874668 9.290169 3183 8.001663 
671039 21.965429 9.260361 3192 7.998129 
671041 22.046105 9.230910 3200 7.994634 
671043 22.136866 9.201815 3209 7.991180 
671045 22.217543 9.173076 3217 7.987766 
671047 22.298219 9.144691 3225 7.984391 
671049 22.378895 9.116660 3233 7.981056 
671051 22.459571 9.088982 3241 7.977760 
671053 22.540248 9.061656 3249 7.974505 
671055 22.610839 9.034682 3256 7.971289 
671057 22.691516 9.008059 3264 7.968114 
671059 22.772192 8.981785 3272 7.964978 
671061 22.842783 8.955861 3279 7.961881 
671063 22.913375 8.930286 3286 7.958825 
671065 22.994051 8.905058 3294 7.955809 
671067 23.064642 8.880178 3301 7.952832 
671069 23.135234 8.855644 3308 7.949895 
671071 23.205825 8.831457 3315 7.946998 
671073 23.266332 8.807615 3321 7.944139
671075 23.336924 8.784118 3328 7.941322 
671077 23.407515 8.760964 3335 7.938544 
671079 23.468022 8.738154 3341 7.935805 
671081 23.538613 8.715687 3348 7.933107 
671083 23.599120 8.693561 3354 7.930448 
671085 23.659627 8.671778 3360 7.927828 
671087 23.720134 8.650335 3366 7.925249 
671089 23.780640 8.629232 3372 7.922709 
671091 23.841147 8.608469 3378 7.920209 
671093 23.901654 8.588045 3384 7.917748 
671095 23.962161 8.567960 3390 7.915328 
671097 24.012583 8.548213 3395 7.912946 
671099 24.073089 8.528803 3401 7.910605 
671101 24.123512 8.509730 3406 7.908302 
671103 24.184018 8.490994 3412 7.906041 
671105 24.234440 8.472594 3417 7.903818 
671107 24.284863 8.454529 3422 7.901634 
671109 24.335285 8.436799 3427 7.899491 
671111 24.385707 8.421300 3432 7.897840 
671113 24.436129 8.409670 3437 7.897072 
671115 24.486551 8.398262 3442 7.896318 
671117 24.526889 8.387073 3446 7.895578 
671119 24.577311 8.376102 3451 7.894852 
671121 24.617649 8.365345 3455 7.894138 
671123 24.668071 8.354801 3460 7.893440 
671125 24.708408 8.344468 3464 7.892753 
671127 24.748746 8.334346 3468 7.892080 
671129 24.789084 8.324431 3472 7.891421 
671131 24.839506 8.314724 3477 7.890776 
671133 24.869759 8.305223 3480 7.890142 
671135 24.910097 8.295927 3484 7.889522 
671137 24.950434 8.286835 3488 7.888916 
671139 24.990772 8.277946 3492 7.888323 
671141 25.021025 8.269261 3495 7.887742 
671143 25.061362 8.260777 3499 7.887175 
671145 25.091616 8.252494 3502 7.886620 
671147 25.131953 8.244413 3506 7.886080 
671149 25.162206 8.236531 3509 7.885551 
671151 25.192460 8.228850 3512 7.885036 
671153 25.222713 8.221367 3515 7.884534 
671155 25.252966 8.214084 3518 7.884045 
671157 25.283219 8.206999 3521 7.883570 
671159 25.313472 8.200112 3524 7.883107 
671161 25.343725 8.193422 3527 7.882657 
671163 25.373978 8.186930 3530 7.882221 
671165 25.394147 8.180635 3532 7.881797 
671167 25.424400 8.174538 3535 7.881387 
671169 25.444569 8.168637 3537 7.880989 
671171 25.464738 8.162932 3539 7.880604 
671173 25.494991 8.157423 3542 7.880233 
671175 25.515160 8.152110 3544 7.879875 
671177 25.535328 8.146993 3546 7.879529 
671179 25.555497 8.142071 3548 7.879197 
671181 25.575666 8.137344 3550 7.878878 
671183 25.595834 8.132812 3552 7.878572 
671185 25.616003 8.128475 3554 7.878280 
671187 25.626088 8.124333 3555 7.877999 
671189 25.646256 8.120385 3557 7.877733 
671191 25.656341 8.116631 3558 7.877478 
671193 25.676509 8.113071 3560 7.877238 
671195 25.686594 8.109705 3561 7.877010 
671197 25.696678 8.106533 3562 7.876796 
671199 25.716847 8.103554 3564 7.876595 
671201 25.726931 8.100768 3565 7.876407 
671203 25.737016 8.098175 3566 7.876231
671205 25.747100 8.095776 3567 7.876069 
671207 25.757184 8.093569 3568 7.875921 
671209 25.757184 8.091555 3568 7.875784 
671211 25.777353 8.089734 3570 7.875662 
